1.4925165453603815,1.4885378995317284
1.1859043009619032,1.067229473934479
1.3062544026764593,0.7977898605074158
1.2272834916994917,0.7142655599235379
0.8749228014783953,1.0460568119237794
0.7804157769388456,1.322450038813709
0.6184243102409832,1.1191697866670753
0.5706018367571715,1.2679323240227967
0.9322438785670868,0.9607349498320898
1.0339877984190495,1.0546127088839712
0.7518320821463472,1.3411231376901456
0.8623300014074037,0.7997995709035863
1.0166627929001244,1.258776992281223
0.6740120298079239,1.1819113113574642
1.483458848911945,0.8737684656309171
1.1323891969747877,0.5162691787032077
0.9015552341861526,0.538578842857255
1.1616378463974202,0.6806912399442505
0.9080968104734303,1.1873617418667193
0.5206376207496537,1.1995114164065193
1.1267434344902814,1.0724897244718563
0.8870172135650845,0.9128125222235924
0.8607820558517744,0.5959734146997131
0.7763449852064662,1.3070751482993792
1.4600222000608358,0.7733809725042106
1.0755479385962894,0.7641090747444533
0.9105775754125356,0.6891758322789439
0.7049936604749266,0.6970477054321765
1.447612998724537,1.1549283284204286
0.9402717884958777,0.7853502150039575
1.0233627104184508,0.6656470524940011
1.222562798632779,1.295169846904386
1.2762025356803777,0.6645140181547726
0.8655836728575117,0.7771111588289914
1.2412849157747088,1.0725974526471134
0.9274515587948758,1.270313010744546
1.4192221797419373,1.0176544711286166
0.6574079902761901,0.5099581923301325
0.9765307288705214,0.7049253766218587
1.3501978388204114,0.5347242697460134
0.7900241885706644,1.4128603441710696
1.1449987471541592,0.521355164996701
0.7670715149425494,0.6680079864861638
1.2911485208541684,0.6354457822509627
1.3746112365108996,0.7558348775805384
0.6695191227025852,1.1806974326863742
0.5920407850062548,0.858033653105317
0.9062377929858806,1.3533147418388478
0.566575499042975,1.2719167931057396
1.2445573944630193,1.4638794276915814
1.094399036760342,1.3637820303509272
1.4510294275836835,0.5759502359321877
0.6769032982762608,1.1356742304720195
1.4237349056016035,1.128802245406444
1.3085423855191394,0.5437582592402648
0.843179705245631,1.261133069429954
1.3413018689722986,0.9965556267576824
1.160562787134373,1.2332273279189234
0.7405113155576948,0.7825873348332019
1.453476872375827,0.5569849112273604
0.7977041526623481,0.529504191708381
1.1957032429964711,1.1863826713048535
0.8984559306831449,1.1805749704624873
0.7856133817448933,1.395353080502653
1.256608410317481,1.3894417864367217
0.7567920142560863,0.7757277040037369
0.621013565030554,0.6803412528948886
0.9548476310557741,1.12480708476054
0.8369080619466527,1.1985288511445553
0.6059781209585723,0.8602830618873111
0.8012553638647805,1.3844332814379054
1.1257107261682764,0.9996532488646008
0.7898690576709422,1.4451063457773037
0.7203370434161412,0.6719316681710853
1.353858045563855,1.067823136743654
1.318915244773668,0.5913736588070265
0.9839099725825581,1.4232262374890787
1.1403137916058803,0.9160970532072044
0.5231567914637559,1.1391971562577867
1.247621624030283,1.438895677491642
0.8728418840676397,0.5916763274645913
0.7713520319420628,1.1132056128814924
0.8797359292254829,0.55494324204466
1.093218916983454,0.5040982637291392
1.4202238870031225,0.9814063011538982
1.1738652805012486,0.8723386288943166
0.6032134234595364,1.439741902265127
1.3807758616556889,1.2489613442698992
0.7024905380968971,0.5302605933003043
0.6267069652654946,1.03848053358129
0.8988753698821302,1.4176677445875938
1.3643185978484786,1.4007645520297114
1.1635075392669483,1.4739249145645688
0.9992949715814015,0.9047696225330639
0.6458169165201759,0.9077073686778732
0.5820914151259086,0.7217414685750619
0.7432120332850888,1.171992142884437
1.2175474063450884,0.9311574518010683
0.6242458007887861,0.8876000407723452
1.4919564423383664,1.3495957808808487
0.3529933521943954,-0.0019457002872182994
0.3587855899915937,-0.3391168099963242
-0.08039529010850277,-0.12009264174971646
0.3470889527291604,-0.4747146660350001
0.42047091210093024,0.1727265452413702
-0.3392394277854559,-0.22383078572628667
0.35116866081754017,0.1642182499569509
-0.27787569325894756,-0.2255193094214688
0.4763254599273026,-0.3314903927202628
-0.020040543833936608,0.48454392978915284
0.022773853255519172,0.46939534882997047
0.3499126030684906,-0.14089588749970838
0.0058394046037575364,-0.43460322093814174
0.48434770040289876,-0.32280141388435657
0.3433340650379567,-0.3502308652653603
0.17903778277886362,0.06535550755970909
0.037803265298792854,0.4861318335948758
-0.38429619001139326,-0.4492162055687654
0.11480090187503433,0.09918629384262756
-0.18774310802988903,-0.35536879521727793
0.19344393191208742,-0.009975898418718043
-0.39329749593861474,-0.36594762269907655
-0.4647759321504661,-0.09318200044427571
-0.2639837894648891,0.4737423178510446
0.16803104772542543,0.054226829560812706
0.08790259991404459,0.41075462014982134
0.214568169596985,0.008634941288696907
0.001200079160048273,0.2508385220170475
-0.13218194864999488,0.021385326073777744
-0.43020390422352595,-0.019807883481680166
-0.4490580997319411,-0.16154494801792174
0.26526907997312066,-0.20655634551288438
-0.32502619211379136,-0.3574392631794018
-0.16492564292903056,0.4468367605357907
0.0648962279559232,0.23247018696423694
0.35594355943297795,0.2550094179011826
-0.43683868571984397,0.09433632169772743
-0.47373199991051274,-0.019579286382250927
-0.46055239395104974,-0.40884194478915536
-0.2334113056121634,0.32639333615097765
0.03641952055182762,0.09901163510046873
0.46391643001725646,-0.26209604902292116
0.06348256942117325,-0.44751426242252634
-0.2565422768059855,-0.26133255666963495
0.11400468482385562,-0.47320821215332654
0.4804234856907811,0.08872547572457146
0.32619987548191487,-0.31968907830991156
-0.1250509712652328,-0.36633649511697663
-0.16615252481087972,0.10887728896937865
-0.1952446061161771,-0.16525557383023348
-0.23975342365127617,-0.07811292368954559
0.3430339112950084,-0.3813383682795476
-0.0027180244240684326,0.14036114654346732
0.28313712043095196,0.36627745466998674
0.38120412901098033,-0.16162105926961234
0.24701082008918107,-0.4283720551854737
0.12770296511112422,0.30183935909376347
-0.029096269235816652,-0.05436161242827953
0.42108083289075615,-0.13770542563638888
-0.34025736447129573,-0.4865920203257741
-0.13419231970608914,-0.02135914164854602
-0.11933742849919304,-0.44041314993395075
0.10346693263629214,0.08573999191185178
0.32653300199425916,0.1132817638822523
0.274078198512823,-0.2934163168932391
-0.07807718139729525,0.032091545127305054
0.15800848929016176,0.3334029794512329
0.16679811693482405,-0.3557128844598799
-0.22683901250528793,-0.37683712876994846
0.31734867313183857,0.3388149225107212
-0.07814353057380818,-0.47582790553614496
-0.011309733368632946,0.4547171032480163
-0.3172005611568275,0.05307700607150179
0.030792087020529046,0.31472514304509924
0.12574702873734123,-0.4247029050166693
0.07682905996168798,0.2721982378197644
-0.4100238983812846,-0.39300067100540603
-0.007738230732212026,0.1962418581294163
-0.28763047837500677,0.3529972553645826
-0.43670295461490993,-0.09324470089372572
0.0169204266674724,0.42249969115189223
0.15498442203554996,-0.3106780593626043
0.2846782654259272,0.4234235977798334
-0.25794443437417325,0.1692693904795629
0.11163870039785528,0.4260236511391474
-0.33028569114444817,-0.4951088269510968
0.03180446416755611,-0.3921185701041269
-0.26306251688006244,0.07173517650478745
0.33362201596485597,-0.2551650307155672
-0.28855206856484605,-0.44697126318265135
0.23022449185104676,-0.4037806555056008
0.1833725040445502,-0.3742761707028478
0.35738881900037855,-0.35217232145150557
-0.25630047760791985,0.23731009901002298
-0.3321593355185699,0.12229094483064729
-0.16599802013657816,-0.19454236835945005
-0.33348186338039043,-0.35588583094247106
0.2554938547348864,-0.4592850162316442
-0.41136897878071765,0.45539571226242903
0.24833892165837723,0.49190278471654103
